5.408200000000000160e-03
6.265100000000000009e-03
6.170899999999999996e-03
5.434600000000000368e-03
4.402699999999999843e-03
3.355700000000000089e-03
2.465499999999999810e-03
1.803200000000000029e-03
1.373800000000000108e-03
1.144700000000000014e-03
1.071200000000000017e-03
1.108599999999999950e-03
1.216499999999999916e-03
1.369100000000000048e-03
1.547299999999999934e-03
1.740999999999999926e-03
1.943800000000000085e-03
2.153700000000000146e-03
2.370000000000000145e-03
2.592099999999999960e-03
2.819900000000000184e-03
3.053000000000000158e-03
3.290899999999999815e-03
3.533099999999999956e-03
3.778899999999999967e-03
4.028499999999999963e-03
4.282000000000000216e-03
4.539299999999999585e-03
4.800300000000000400e-03
5.064599999999999831e-03
5.332199999999999614e-03
5.602700000000000388e-03
5.875799999999999600e-03
6.150700000000000264e-03
6.426699999999999600e-03
6.704299999999999843e-03
6.983900000000000351e-03
7.264800000000000077e-03
7.546299999999999709e-03
7.827600000000000530e-03
8.108300000000000576e-03
8.388400000000000717e-03
8.667400000000000451e-03
8.945299999999999779e-03
9.221800000000000483e-03
9.496400000000000327e-03
9.768999999999999906e-03
1.003899999999999931e-02
1.030700000000000019e-02
1.057100000000000053e-02
1.083199999999999961e-02
1.108899999999999990e-02
1.134300000000000065e-02
1.159299999999999914e-02
1.183900000000000056e-02
1.208000000000000046e-02
1.231699999999999982e-02
1.254899999999999939e-02
1.277599999999999916e-02
1.299799999999999914e-02
1.321499999999999932e-02
1.342600000000000043e-02
1.363100000000000075e-02
1.383099999999999954e-02
1.402499999999999927e-02
1.421299999999999994e-02
1.439499999999999981e-02
1.457100000000000062e-02
1.473999999999999963e-02
1.490299999999999958e-02
1.506000000000000047e-02
1.520999999999999956e-02
1.535300000000000033e-02
1.549000000000000030e-02
1.562099999999999947e-02
1.574599999999999958e-02
1.586299999999999863e-02
1.597499999999999962e-02
1.608000000000000054e-02
1.617800000000000141e-02
1.626999999999999974e-02
1.635500000000000148e-02
1.643400000000000069e-02
1.650599999999999984e-02
1.657199999999999993e-02
1.663099999999999995e-02
1.668400000000000091e-02
1.672999999999999834e-02
1.677100000000000118e-02
1.680500000000000049e-02
1.683300000000000074e-02
1.685499999999999846e-02
1.687100000000000058e-02
1.688200000000000117e-02
1.688699999999999923e-02
1.688699999999999923e-02
1.688200000000000117e-02
1.687100000000000058e-02
1.685599999999999946e-02
1.683600000000000027e-02
1.681099999999999955e-02
1.678199999999999831e-02
1.674799999999999900e-02
1.670999999999999916e-02
1.666799999999999879e-02
1.662299999999999889e-02
1.657300000000000093e-02
1.651999999999999996e-02
1.646399999999999947e-02
1.640399999999999844e-02
1.634100000000000136e-02
1.627500000000000127e-02
1.620600000000000165e-02
1.613399999999999904e-02
1.606099999999999889e-02
1.598499999999999921e-02
1.590700000000000100e-02
1.582700000000000079e-02
1.574499999999999858e-02
1.566199999999999884e-02
1.557799999999999983e-02
1.549299999999999983e-02
1.540700000000000056e-02
1.532000000000000028e-02
1.523200000000000075e-02
1.514399999999999948e-02
1.505599999999999994e-02
1.496800000000000040e-02
1.488100000000000013e-02
1.479300000000000059e-02
1.470600000000000032e-02
1.461999999999999932e-02
1.453499999999999931e-02
1.444999999999999930e-02
1.436699999999999956e-02
1.428500000000000082e-02
1.420399999999999961e-02
1.412500000000000040e-02
1.404700000000000046e-02
1.397100000000000078e-02
1.389699999999999963e-02
1.382500000000000048e-02
1.375499999999999987e-02
1.368699999999999951e-02
1.362200000000000043e-02
1.355899999999999987e-02
1.349900000000000058e-02
1.344200000000000082e-02
1.338800000000000059e-02
1.333699999999999990e-02
1.328900000000000046e-02
1.324400000000000056e-02
1.320200000000000019e-02
1.316400000000000035e-02
1.312900000000000005e-02
1.309800000000000027e-02
1.306900000000000076e-02
1.304499999999999930e-02
1.302400000000000085e-02
1.300600000000000020e-02
1.299200000000000008e-02
1.298099999999999948e-02
1.297399999999999942e-02
1.297099999999999989e-02
1.297199999999999916e-02
1.297700000000000069e-02
1.298500000000000001e-02
1.299699999999999987e-02
1.301300000000000026e-02
1.303299999999999945e-02
1.305800000000000016e-02
1.308600000000000041e-02
1.311799999999999945e-02
1.315400000000000076e-02
1.319500000000000013e-02
1.324000000000000003e-02
1.328799999999999946e-02
1.334100000000000043e-02
1.339699999999999919e-02
1.345799999999999948e-02
1.352199999999999930e-02
1.358999999999999965e-02
1.366200000000000053e-02
1.373699999999999921e-02
1.381600000000000016e-02
1.389800000000000063e-02
1.398399999999999990e-02
1.407300000000000044e-02
1.416599999999999977e-02
1.426200000000000037e-02
1.435999999999999950e-02
1.446199999999999916e-02
1.456700000000000009e-02
1.467500000000000054e-02
1.478600000000000053e-02
1.490000000000000005e-02
1.501599999999999983e-02
1.513600000000000015e-02
1.525699999999999973e-02
1.538199999999999984e-02
1.550900000000000022e-02
1.563799999999999912e-02
1.576999999999999930e-02
1.590400000000000147e-02
1.603999999999999870e-02
1.617899999999999894e-02
1.631900000000000017e-02
1.646200000000000094e-02
1.660599999999999923e-02
1.675199999999999953e-02
1.689999999999999836e-02
1.704999999999999918e-02
1.720199999999999854e-02
1.735499999999999890e-02
1.750900000000000026e-02
1.766500000000000015e-02
1.782299999999999857e-02
1.798100000000000045e-02
1.814100000000000087e-02
1.830199999999999882e-02
1.846499999999999878e-02
1.862799999999999873e-02
1.879199999999999968e-02
1.895600000000000063e-02
1.912200000000000011e-02
1.928799999999999959e-02
1.945500000000000007e-02
1.962300000000000155e-02
1.979099999999999956e-02
1.995900000000000105e-02
2.012800000000000006e-02
2.029699999999999907e-02
2.046600000000000155e-02
2.063500000000000056e-02
2.080399999999999958e-02
2.097299999999999859e-02
2.114200000000000107e-02
2.131100000000000008e-02
2.147999999999999909e-02
2.164800000000000058e-02
2.181500000000000106e-02
2.198299999999999907e-02
2.214899999999999855e-02
2.231500000000000150e-02
2.247999999999999998e-02
2.264400000000000093e-02
2.280799999999999841e-02
2.297000000000000083e-02
2.313199999999999978e-02
2.329200000000000020e-02
2.345099999999999962e-02
2.360900000000000151e-02
2.376599999999999893e-02
2.392199999999999882e-02
2.407600000000000018e-02
2.423000000000000154e-02
2.438200000000000089e-02
2.453299999999999925e-02
2.468300000000000008e-02
2.483300000000000091e-02
2.497999999999999873e-02
2.512700000000000003e-02
2.527300000000000033e-02
2.541799999999999962e-02
2.556100000000000039e-02
2.570400000000000115e-02
2.584499999999999992e-02
2.598500000000000115e-02
2.612499999999999892e-02
2.626300000000000162e-02
2.639999999999999986e-02
2.653600000000000056e-02
2.667100000000000026e-02
2.680499999999999897e-02
2.693800000000000014e-02
2.707000000000000031e-02
2.720099999999999948e-02
2.733000000000000013e-02
2.745900000000000077e-02
2.758700000000000041e-02
2.771399999999999905e-02
2.784000000000000016e-02
2.796500000000000027e-02
2.808899999999999939e-02
2.821200000000000097e-02
2.833400000000000155e-02
2.845500000000000113e-02
2.857499999999999971e-02
2.869400000000000076e-02
2.881299999999999834e-02
2.893000000000000085e-02
2.904699999999999990e-02
2.916300000000000142e-02
2.927700000000000094e-02
2.939200000000000146e-02
2.950499999999999998e-02
2.961700000000000096e-02
2.972899999999999848e-02
2.983999999999999847e-02
2.995000000000000093e-02
3.005999999999999991e-02
3.016800000000000037e-02
3.027600000000000083e-02
3.038400000000000128e-02
3.048999999999999974e-02
3.059600000000000167e-02
3.070099999999999912e-02
3.080600000000000005e-02
3.090999999999999998e-02
3.101299999999999890e-02
3.111600000000000130e-02
3.121799999999999922e-02
3.131899999999999962e-02
3.141999999999999654e-02
3.152100000000000041e-02
3.162100000000000327e-02
3.171999999999999820e-02
3.181900000000000006e-02
3.191700000000000093e-02
3.201500000000000179e-02
3.211300000000000265e-02
3.221000000000000252e-02
3.230600000000000138e-02
3.240300000000000125e-02
3.249900000000000011e-02
3.259399999999999797e-02
3.268999999999999684e-02
3.278500000000000164e-02
3.287999999999999950e-02
3.297400000000000331e-02
3.306800000000000017e-02
3.316299999999999804e-02
3.325700000000000184e-02
3.335099999999999870e-02
3.344400000000000150e-02
3.353799999999999837e-02
3.363100000000000117e-02
3.372499999999999803e-02
3.381900000000000184e-02
3.391199999999999770e-02
3.400600000000000150e-02
3.409999999999999837e-02
3.419300000000000117e-02
3.428699999999999803e-02
3.438200000000000284e-02
3.447599999999999970e-02
3.456999999999999656e-02
3.466500000000000137e-02
3.475999999999999923e-02
3.485599999999999810e-02
3.495100000000000290e-02
3.504700000000000176e-02
3.514400000000000163e-02
3.524000000000000049e-02
3.533700000000000035e-02
3.543500000000000122e-02
3.553200000000000108e-02
3.563000000000000195e-02
3.572899999999999687e-02
3.582699999999999774e-02
3.592599999999999960e-02
3.602500000000000147e-02
3.612499999999999739e-02
3.622500000000000026e-02
3.632500000000000312e-02
3.642600000000000005e-02
3.652699999999999697e-02
3.662900000000000184e-02
3.673099999999999976e-02
3.683299999999999769e-02
3.693500000000000255e-02
3.703800000000000148e-02
3.714200000000000140e-02
3.724500000000000033e-02
3.735000000000000125e-02
3.745400000000000118e-02
3.755900000000000211e-02
3.766400000000000303e-02
3.776999999999999802e-02
3.787599999999999995e-02
3.798300000000000287e-02
3.808999999999999886e-02
3.819700000000000178e-02
3.830499999999999877e-02
3.841399999999999676e-02
3.852300000000000169e-02
3.863199999999999967e-02
3.874099999999999766e-02
3.885099999999999665e-02
3.896199999999999664e-02
3.907299999999999662e-02
3.918399999999999661e-02
3.929599999999999760e-02
3.940899999999999959e-02
3.952200000000000157e-02
3.963499999999999662e-02
3.974899999999999961e-02
3.986300000000000260e-02
3.997699999999999865e-02
4.009299999999999670e-02
4.020800000000000068e-02
4.032399999999999873e-02
4.044099999999999778e-02
4.055799999999999683e-02
4.067599999999999688e-02
4.079399999999999693e-02
4.091299999999999798e-02
4.103199999999999903e-02
4.115200000000000108e-02
4.127299999999999719e-02
4.139400000000000024e-02
4.151599999999999735e-02
4.163800000000000140e-02
4.176200000000000051e-02
4.188499999999999862e-02
4.200999999999999873e-02
4.213499999999999884e-02
4.226099999999999995e-02
4.238800000000000207e-02
4.251499999999999724e-02
4.264300000000000035e-02
4.277199999999999752e-02
4.290200000000000263e-02
4.303200000000000081e-02
4.316299999999999998e-02
4.329500000000000015e-02
4.342800000000000132e-02
4.356199999999999656e-02
4.369599999999999873e-02
4.383100000000000190e-02
4.396699999999999914e-02
4.410300000000000331e-02
4.424100000000000255e-02
4.437900000000000178e-02
4.451800000000000201e-02
4.465800000000000325e-02
4.479899999999999854e-02
4.494000000000000078e-02
4.508199999999999708e-02
4.522500000000000131e-02
4.536899999999999961e-02
4.551399999999999890e-02
4.565899999999999820e-02
4.580599999999999949e-02
4.595300000000000079e-02
4.610100000000000309e-02
4.624899999999999844e-02
4.639900000000000274e-02
4.654900000000000010e-02
4.669999999999999846e-02
4.685199999999999781e-02
4.700399999999999717e-02
4.715699999999999753e-02
4.731099999999999889e-02
4.746600000000000125e-02
4.762199999999999767e-02
4.777800000000000102e-02
4.793499999999999844e-02
4.809200000000000280e-02
4.825100000000000222e-02
4.841000000000000164e-02
4.857000000000000206e-02
4.873000000000000248e-02
4.889099999999999696e-02
4.905299999999999938e-02
4.921500000000000180e-02
4.937799999999999828e-02
4.954200000000000270e-02
4.970600000000000018e-02
4.987099999999999866e-02
5.003599999999999715e-02
5.020199999999999663e-02
5.036800000000000305e-02
5.053499999999999659e-02
5.070299999999999807e-02
5.087099999999999955e-02
5.103900000000000103e-02
5.120799999999999658e-02
5.137800000000000006e-02
5.154799999999999660e-02
5.171800000000000008e-02
5.188899999999999763e-02
5.206000000000000211e-02
5.223099999999999965e-02
5.240299999999999819e-02
5.257499999999999674e-02
5.274700000000000222e-02
5.292000000000000176e-02
5.309300000000000130e-02
5.326600000000000085e-02
5.344000000000000139e-02
5.361300000000000093e-02
5.378700000000000148e-02
5.396100000000000202e-02
5.413500000000000256e-02
5.430900000000000311e-02
5.448399999999999771e-02
5.465799999999999825e-02
5.483299999999999980e-02
5.500700000000000034e-02
5.518200000000000188e-02
5.535600000000000243e-02
5.553099999999999703e-02
5.570499999999999757e-02
5.587999999999999912e-02
5.605399999999999966e-02
5.622800000000000020e-02
5.640200000000000075e-02
5.657500000000000029e-02
5.674900000000000083e-02
5.692200000000000037e-02
5.709399999999999892e-02
5.726699999999999846e-02
5.743899999999999700e-02
5.761000000000000149e-02
5.778099999999999903e-02
5.795199999999999657e-02
5.812200000000000005e-02
5.829100000000000253e-02
5.845999999999999808e-02
5.862900000000000056e-02
5.879600000000000104e-02
5.896300000000000152e-02
5.913000000000000200e-02
5.929500000000000048e-02
5.945999999999999897e-02
5.962499999999999745e-02
5.978800000000000087e-02
5.995000000000000329e-02
6.011199999999999877e-02
6.027300000000000019e-02
6.043300000000000061e-02
6.059099999999999903e-02
6.074899999999999745e-02
6.090600000000000180e-02
6.106199999999999822e-02
6.121700000000000058e-02
6.137100000000000194e-02
6.152300000000000130e-02
6.167500000000000066e-02
6.182499999999999801e-02
6.197400000000000131e-02
6.212199999999999667e-02
6.226899999999999796e-02
6.241499999999999826e-02
6.255900000000000349e-02
6.270199999999999385e-02
6.284399999999999709e-02
6.298399999999999832e-02
6.312299999999999855e-02
6.326099999999999779e-02
6.339699999999999502e-02
6.353200000000000514e-02
6.366499999999999937e-02
6.379700000000000648e-02
6.392799999999999871e-02
6.405700000000000283e-02
6.418500000000000594e-02
6.431099999999999317e-02
6.443599999999999328e-02
6.456000000000000627e-02
6.468200000000000338e-02
6.480199999999999849e-02
6.492100000000000648e-02
6.503899999999999959e-02
6.515500000000000458e-02
6.526999999999999469e-02
6.538299999999999668e-02
6.549399999999999666e-02
6.560399999999999565e-02
6.571299999999999364e-02
6.582000000000000350e-02
6.592599999999999849e-02
6.603000000000000536e-02
6.613199999999999634e-02
6.623300000000000021e-02
6.633300000000000307e-02
6.643100000000000394e-02
6.652700000000000280e-02
6.662300000000000166e-02
6.671599999999999753e-02
6.680800000000000627e-02
6.689900000000000013e-02
6.698800000000000587e-02
6.707599999999999674e-02
6.716199999999999948e-02
6.724700000000000122e-02
6.733000000000000096e-02
6.741199999999999970e-02
6.749299999999999744e-02
6.757199999999999318e-02
6.765000000000000180e-02
6.772599999999999454e-02
6.780100000000000016e-02
6.787400000000000377e-02
6.794600000000000639e-02
6.801699999999999413e-02
6.808699999999999475e-02
6.815499999999999337e-02
6.822200000000000486e-02
6.828700000000000048e-02
6.835099999999999509e-02
6.841400000000000259e-02
6.847599999999999520e-02
6.853700000000000070e-02
6.859600000000000419e-02
6.865400000000000669e-02
6.871099999999999430e-02
6.876699999999999480e-02
6.882199999999999429e-02
6.887600000000000666e-02
6.892800000000000316e-02
6.897999999999999965e-02
6.903099999999999514e-02
6.908000000000000251e-02
6.912899999999999601e-02
6.917600000000000138e-02
6.922300000000000675e-02
6.926899999999999724e-02
6.931400000000000061e-02
6.935800000000000298e-02
6.940200000000000535e-02
6.944400000000000572e-02
6.948600000000000609e-02
6.952700000000000546e-02
6.956800000000000483e-02
6.960800000000000320e-02
6.964700000000000057e-02
6.968499999999999694e-02
6.972299999999999331e-02
6.976100000000000356e-02
6.979799999999999893e-02
6.983399999999999330e-02
6.987000000000000155e-02
6.990499999999999492e-02
6.994100000000000317e-02
6.997499999999999554e-02
7.001000000000000278e-02
7.004399999999999515e-02
7.007700000000000040e-02
7.011100000000000665e-02
7.014399999999999802e-02
7.017700000000000327e-02
7.020999999999999464e-02
7.024299999999999988e-02
7.027600000000000513e-02
7.030899999999999650e-02
7.034100000000000075e-02
7.037400000000000599e-02
7.040699999999999736e-02
7.043900000000000161e-02
7.047200000000000686e-02
7.050499999999999823e-02
7.053800000000000348e-02
7.057099999999999485e-02
7.060400000000000009e-02
7.063800000000000634e-02
7.067099999999999771e-02
7.070500000000000396e-02
7.073899999999999633e-02
7.077400000000000357e-02
7.080899999999999694e-02
7.084400000000000419e-02
7.087899999999999756e-02
7.091500000000000581e-02
7.095100000000000018e-02
7.098799999999999555e-02
7.102500000000000480e-02
7.106200000000000017e-02
7.110099999999999754e-02
7.113899999999999391e-02
7.117800000000000515e-02
7.121800000000000352e-02
7.125800000000000189e-02
7.129800000000000026e-02
7.134000000000000064e-02
7.138200000000000101e-02
7.142400000000000138e-02
7.146800000000000375e-02
7.151200000000000612e-02
7.155599999999999461e-02
7.160099999999999798e-02
7.164700000000000235e-02
7.169399999999999384e-02
7.174200000000000021e-02
7.179000000000000659e-02
7.183900000000000008e-02
7.188899999999999457e-02
7.194000000000000394e-02
7.199099999999999944e-02
7.204399999999999693e-02
7.209699999999999442e-02
7.215100000000000680e-02
7.220600000000000629e-02
7.226200000000000678e-02
7.231899999999999440e-02
7.237599999999999589e-02
7.243499999999999939e-02
7.249500000000000388e-02
7.255499999999999450e-02
7.261599999999999999e-02
7.267899999999999361e-02
7.274200000000000110e-02
7.280699999999999672e-02
7.287200000000000621e-02
7.293800000000000283e-02
7.300500000000000045e-02
7.307400000000000007e-02
7.314299999999999968e-02
7.321300000000000030e-02
7.328400000000000192e-02
7.335600000000000454e-02
7.342899999999999427e-02
7.350399999999999989e-02
7.357900000000000551e-02
7.365499999999999825e-02
7.373200000000000587e-02
7.381000000000000061e-02
7.388899999999999635e-02
7.396899999999999309e-02
7.405000000000000471e-02
7.413200000000000345e-02
7.421500000000000319e-02
7.429900000000000393e-02
7.438300000000000467e-02
7.446899999999999353e-02
7.455599999999999727e-02
7.464400000000000202e-02
7.473200000000000676e-02
7.482099999999999862e-02
7.491200000000000636e-02
7.500300000000000022e-02
7.509499999999999509e-02
7.518800000000000483e-02
7.528100000000000069e-02
7.537599999999999856e-02
7.547199999999999742e-02
7.556799999999999629e-02
7.566499999999999615e-02
7.576299999999999701e-02
7.586099999999999788e-02
7.596100000000000074e-02
7.606100000000000361e-02
7.616199999999999359e-02
7.626299999999999746e-02
7.636500000000000232e-02
7.646799999999999431e-02
7.657200000000000117e-02
7.667599999999999416e-02
7.678100000000000203e-02
7.688599999999999601e-02
7.699200000000000488e-02
7.709799999999999986e-02
7.720499999999999585e-02
7.731300000000000672e-02
7.742100000000000370e-02
7.753000000000000169e-02
7.763899999999999968e-02
7.774799999999999767e-02
7.785799999999999665e-02
7.796799999999999564e-02
7.807899999999999563e-02
7.818999999999999562e-02
7.830199999999999660e-02
7.841299999999999659e-02
7.852499999999999758e-02
7.863699999999999857e-02
7.875000000000000056e-02
7.886300000000000254e-02
7.897600000000000453e-02
7.908900000000000652e-02
7.920199999999999463e-02
7.931499999999999662e-02
7.942899999999999960e-02
7.954200000000000159e-02
7.965600000000000458e-02
7.976900000000000657e-02
7.988299999999999568e-02
7.999599999999999766e-02
8.011000000000000065e-02
8.022300000000000264e-02
8.033700000000000563e-02
8.044999999999999374e-02
8.056299999999999573e-02
8.067599999999999771e-02
8.078799999999999870e-02
8.089999999999999969e-02
8.101300000000000168e-02
8.112400000000000166e-02
8.123600000000000265e-02
8.134700000000000264e-02
8.145800000000000263e-02
8.156800000000000161e-02
8.167800000000000060e-02
8.178699999999999859e-02
8.189599999999999658e-02
8.200499999999999456e-02
8.211300000000000543e-02
8.222000000000000142e-02
8.232699999999999740e-02
8.243300000000000627e-02
8.253800000000000026e-02
8.264299999999999424e-02
8.274700000000000111e-02
8.285099999999999409e-02
8.295299999999999896e-02
8.305500000000000382e-02
8.315699999999999481e-02
8.325699999999999767e-02
8.335599999999999954e-02
8.345500000000000140e-02
8.355300000000000227e-02
8.364900000000000113e-02
8.374600000000000100e-02
8.383999999999999786e-02
8.393399999999999472e-02
8.402700000000000446e-02
8.411899999999999933e-02
8.420999999999999319e-02
8.429999999999999993e-02
8.438900000000000567e-02
8.447599999999999554e-02
8.456299999999999928e-02
8.464800000000000102e-02
8.473200000000000176e-02
8.481600000000000250e-02
8.489700000000000024e-02
8.497799999999999798e-02
8.505699999999999372e-02
8.513500000000000234e-02
8.521199999999999608e-02
8.528800000000000270e-02
8.536199999999999344e-02
8.543499999999999706e-02
8.550599999999999867e-02
8.557599999999999929e-02
8.564499999999999891e-02
8.571199999999999652e-02
8.577799999999999314e-02
8.584300000000000264e-02
8.590599999999999625e-02
8.596700000000000175e-02
8.602700000000000624e-02
8.608599999999999586e-02
8.614299999999999735e-02
8.619899999999999785e-02
8.625299999999999634e-02
8.630599999999999383e-02
8.635700000000000320e-02
8.640699999999999770e-02
8.645500000000000407e-02
8.650099999999999456e-02
8.654599999999999793e-02
8.659000000000000030e-02
8.663200000000000067e-02
8.667199999999999904e-02
8.671099999999999641e-02
8.674800000000000566e-02
8.678400000000000003e-02
8.681800000000000628e-02
8.684999999999999665e-02
8.688099999999999989e-02
8.691100000000000214e-02
8.693900000000000239e-02
8.696500000000000064e-02
8.698999999999999788e-02
8.701200000000000601e-02
8.703400000000000025e-02
8.705400000000000638e-02
8.707299999999999762e-02
8.708899999999999975e-02
8.710500000000000187e-02
8.711900000000000199e-02
8.713100000000000012e-02
8.714199999999999724e-02
8.715100000000000624e-02
8.715900000000000036e-02
8.716500000000000636e-02
8.716999999999999749e-02
8.717300000000000049e-02
8.717500000000000249e-02
8.717600000000000349e-02
8.717400000000000149e-02
8.717199999999999949e-02
8.716799999999999549e-02
8.716300000000000436e-02
8.715599999999999736e-02
8.714800000000000324e-02
8.713899999999999424e-02
8.712799999999999712e-02
8.711599999999999899e-02
8.710199999999999887e-02
8.708699999999999775e-02
8.707099999999999562e-02
8.705400000000000638e-02
8.703500000000000125e-02
8.701499999999999513e-02
8.699400000000000188e-02
8.697199999999999376e-02
8.694799999999999751e-02
8.692400000000000126e-02
8.689800000000000302e-02
8.687100000000000377e-02
8.684300000000000352e-02
8.681300000000000128e-02
8.678299999999999903e-02
8.675199999999999578e-02
8.672000000000000541e-02
8.668599999999999917e-02
8.665200000000000680e-02
8.661699999999999955e-02
8.658100000000000518e-02
8.654299999999999493e-02
8.650499999999999856e-02
8.646600000000000119e-02
8.642700000000000382e-02
8.638600000000000445e-02
8.634500000000000508e-02
8.630300000000000471e-02
8.626000000000000334e-02
8.621600000000000097e-02
8.617199999999999860e-02
8.612699999999999523e-02
8.608200000000000573e-02
8.603600000000000136e-02
8.598899999999999599e-02
8.594200000000000450e-02
8.589399999999999813e-02
8.584600000000000564e-02
8.579699999999999827e-02
8.574800000000000477e-02
8.569899999999999740e-02
8.564800000000000191e-02
8.559799999999999354e-02
8.554699999999999804e-02
8.549700000000000355e-02
8.544499999999999318e-02
8.539399999999999769e-02
8.534200000000000119e-02
8.529000000000000470e-02
8.523799999999999433e-02
8.518599999999999783e-02
8.513300000000000034e-02
8.508100000000000385e-02
8.502800000000000635e-02
8.497499999999999498e-02
8.492299999999999849e-02
8.487000000000000099e-02
8.481700000000000350e-02
8.476499999999999313e-02
8.471199999999999564e-02
8.465999999999999914e-02
8.460800000000000265e-02
8.455600000000000616e-02
8.450399999999999578e-02
8.445199999999999929e-02
8.440100000000000380e-02
8.434999999999999443e-02
8.429799999999999793e-02
8.424800000000000344e-02
8.419699999999999407e-02
8.414800000000000058e-02
8.409800000000000608e-02
8.404899999999999871e-02
8.399900000000000422e-02
8.395099999999999785e-02
8.390300000000000535e-02
8.385499999999999898e-02
8.380799999999999361e-02
8.376200000000000312e-02
8.371499999999999775e-02
8.366999999999999438e-02
8.362500000000000488e-02
8.358100000000000251e-02
8.353599999999999914e-02
8.349299999999999777e-02
8.344999999999999640e-02
8.340899999999999703e-02
8.336699999999999666e-02
8.332699999999999829e-02
8.328599999999999892e-02
8.324700000000000155e-02
8.320800000000000418e-02
8.317099999999999493e-02
8.313299999999999856e-02
8.309700000000000419e-02
8.306099999999999595e-02
8.302700000000000358e-02
8.299299999999999733e-02
8.296000000000000596e-02
8.292700000000000071e-02
8.289599999999999747e-02
8.286499999999999422e-02
8.283500000000000585e-02
8.280600000000000460e-02
8.277800000000000435e-02
8.275100000000000511e-02
8.272500000000000686e-02
8.269899999999999474e-02
8.267499999999999849e-02
8.265100000000000224e-02
8.262799999999999312e-02
8.260599999999999887e-02
8.258600000000000663e-02
8.256600000000000050e-02
8.254699999999999538e-02
8.252900000000000513e-02
8.251200000000000201e-02
8.249499999999999889e-02
8.248099999999999876e-02
8.246599999999999764e-02
8.245299999999999851e-02
8.243999999999999939e-02
8.242900000000000227e-02
8.241900000000000615e-02
8.240899999999999614e-02
8.240000000000000102e-02
8.239299999999999402e-02
8.238600000000000090e-02
8.238099999999999590e-02
8.237600000000000477e-02
8.237200000000000077e-02
8.236899999999999777e-02
8.236699999999999577e-02
8.236499999999999377e-02
8.236499999999999377e-02
8.236599999999999477e-02
8.236799999999999677e-02
8.236999999999999877e-02
8.237300000000000177e-02
8.237700000000000577e-02
8.238299999999999790e-02
8.238800000000000290e-02
8.239499999999999602e-02
8.240200000000000302e-02
8.241099999999999814e-02
8.241999999999999327e-02
8.243000000000000327e-02
8.244100000000000039e-02
8.245299999999999851e-02
8.246499999999999664e-02
8.247799999999999576e-02
8.249199999999999589e-02
8.250699999999999701e-02
8.252199999999999813e-02
8.253800000000000026e-02
8.255400000000000238e-02
8.257200000000000650e-02
8.258999999999999675e-02
8.260900000000000187e-02
8.262799999999999312e-02
8.264799999999999924e-02
8.266900000000000637e-02
8.268999999999999961e-02
8.271100000000000674e-02
8.273400000000000198e-02
8.275699999999999723e-02
8.278000000000000635e-02
8.280400000000000260e-02
8.282899999999999985e-02
8.285299999999999609e-02
8.287899999999999434e-02
8.290400000000000547e-02
8.293100000000000471e-02
8.295700000000000296e-02
8.298400000000000221e-02
8.301100000000000145e-02
8.303900000000000170e-02
8.306700000000000195e-02
8.309500000000000219e-02
8.312300000000000244e-02
8.315200000000000369e-02
8.318100000000000493e-02
8.321099999999999330e-02
8.323999999999999455e-02
8.326999999999999680e-02
8.329899999999999805e-02
8.332900000000000029e-02
8.335900000000000254e-02
8.338900000000000479e-02
8.341899999999999316e-02
8.344999999999999640e-02
8.347999999999999865e-02
8.351000000000000090e-02
8.354000000000000314e-02
8.357100000000000639e-02
8.360099999999999476e-02
8.363099999999999701e-02
8.366099999999999925e-02
8.369100000000000150e-02
8.372000000000000275e-02
8.375000000000000500e-02
8.377900000000000624e-02
8.380899999999999461e-02
8.383699999999999486e-02
8.386599999999999611e-02
8.389399999999999635e-02
8.392299999999999760e-02
8.394999999999999685e-02
8.397799999999999709e-02
8.400499999999999634e-02
8.403199999999999559e-02
8.405799999999999383e-02
8.408499999999999308e-02
8.411000000000000421e-02
8.413500000000000145e-02
8.415999999999999870e-02
8.418399999999999495e-02
8.420800000000000507e-02
8.423100000000000032e-02
8.425299999999999456e-02
8.427600000000000369e-02
8.429699999999999693e-02
8.431800000000000406e-02
8.433799999999999630e-02
8.435900000000000343e-02
8.437699999999999367e-02
8.439599999999999880e-02
8.441400000000000292e-02
8.443100000000000604e-02
8.444699999999999429e-02
8.446299999999999641e-02
8.447799999999999754e-02
8.449199999999999766e-02
8.450599999999999778e-02
8.451899999999999691e-02
8.452999999999999403e-02
8.454200000000000603e-02
8.455200000000000216e-02
8.456099999999999728e-02
8.457000000000000628e-02
8.457800000000000040e-02
8.458499999999999353e-02
8.459099999999999953e-02
8.459600000000000453e-02
8.459999999999999465e-02
8.460299999999999765e-02
8.460600000000000065e-02
8.460700000000000165e-02
8.460800000000000265e-02
8.460800000000000265e-02
8.460700000000000165e-02
8.460399999999999865e-02
8.460099999999999565e-02
8.459700000000000553e-02
8.459200000000000053e-02
8.458499999999999353e-02
8.457800000000000040e-02
8.457000000000000628e-02
8.456099999999999728e-02
8.455000000000000016e-02
8.453900000000000303e-02
8.452600000000000391e-02
8.451300000000000479e-02
8.449900000000000466e-02
8.448400000000000354e-02
8.446700000000000041e-02
8.444999999999999729e-02
8.443100000000000604e-02
8.441099999999999992e-02
8.439000000000000667e-02
8.436899999999999955e-02
8.434600000000000430e-02
8.432199999999999418e-02
8.429699999999999693e-02
8.427199999999999969e-02
8.424399999999999944e-02
8.421700000000000019e-02
8.418699999999999795e-02
8.415799999999999670e-02
8.412600000000000633e-02
8.409400000000000208e-02
8.406099999999999683e-02
8.402700000000000446e-02
8.399099999999999622e-02
8.395500000000000185e-02
8.391800000000000648e-02
8.387999999999999623e-02
8.383999999999999786e-02
8.380100000000000049e-02
8.375900000000000012e-02
8.371699999999999975e-02
8.367399999999999838e-02
8.362999999999999601e-02
8.358400000000000551e-02
8.353900000000000214e-02
8.349099999999999577e-02
8.344400000000000428e-02
8.339499999999999691e-02
8.334500000000000242e-02
8.329400000000000692e-02
8.324299999999999755e-02
8.319100000000000106e-02
8.313800000000000356e-02
8.308300000000000407e-02
8.302800000000000458e-02
8.297200000000000408e-02
8.291600000000000359e-02
8.285800000000000110e-02
8.279999999999999860e-02
8.274099999999999511e-02
8.268100000000000449e-02
8.261999999999999900e-02
8.255899999999999350e-02
8.249700000000000089e-02
8.243399999999999339e-02
8.236999999999999877e-02
8.230600000000000416e-02
8.224099999999999466e-02
8.217599999999999905e-02
8.210900000000000143e-02
8.204300000000000481e-02
8.197500000000000620e-02
8.190699999999999370e-02
8.183799999999999408e-02
8.176899999999999447e-02
8.169899999999999385e-02
8.162899999999999323e-02
8.155800000000000549e-02
8.148700000000000387e-02
8.141400000000000026e-02
8.134199999999999764e-02
8.126899999999999402e-02
8.119600000000000428e-02
8.112199999999999966e-02
8.104899999999999605e-02
8.097400000000000431e-02
8.089899999999999869e-02
8.082399999999999307e-02
8.074900000000000133e-02
8.067199999999999371e-02
8.059600000000000097e-02
8.051999999999999436e-02
8.044300000000000062e-02
8.036600000000000688e-02
8.028899999999999926e-02
8.021100000000000452e-02
8.013399999999999690e-02
8.005600000000000216e-02
7.997899999999999454e-02
7.989999999999999880e-02
7.982200000000000406e-02
7.974399999999999544e-02
7.966600000000000070e-02
7.958700000000000496e-02
7.950899999999999634e-02
7.943000000000000060e-02
7.935200000000000586e-02
7.927299999999999625e-02
7.919500000000000151e-02
7.911600000000000577e-02
7.903799999999999715e-02
7.895900000000000141e-02
7.888100000000000667e-02
7.880199999999999705e-02
7.872500000000000331e-02
7.864599999999999369e-02
7.856899999999999995e-02
7.849100000000000521e-02
7.841399999999999759e-02
7.833600000000000285e-02
7.825899999999999523e-02
7.818200000000000149e-02
7.810599999999999488e-02
7.802900000000000114e-02
7.795299999999999452e-02
7.787700000000000178e-02
7.780199999999999616e-02
7.772600000000000342e-02
7.765199999999999880e-02
7.757699999999999319e-02
7.750300000000000245e-02
7.742899999999999783e-02
7.735599999999999421e-02
7.728200000000000347e-02
7.721000000000000085e-02
7.713699999999999724e-02
7.706499999999999462e-02
7.699300000000000588e-02
7.692300000000000526e-02
7.685200000000000364e-02
7.678200000000000303e-02
7.671200000000000241e-02
7.664300000000000279e-02
7.657400000000000317e-02
7.650600000000000456e-02
7.643800000000000594e-02
7.637199999999999545e-02
7.630499999999999783e-02
7.623900000000000121e-02
7.617300000000000459e-02
7.610899999999999610e-02
7.604400000000000048e-02
7.598000000000000587e-02
7.591699999999999837e-02
7.585500000000000576e-02
7.579199999999999826e-02
7.573100000000000664e-02
7.567000000000000115e-02
7.560999999999999666e-02
7.555000000000000604e-02
7.549200000000000355e-02
7.543300000000000005e-02
7.537599999999999856e-02
7.531899999999999706e-02
7.526299999999999657e-02
7.520599999999999508e-02
7.515199999999999658e-02
7.509699999999999709e-02
7.504399999999999959e-02
7.499000000000000110e-02
7.493800000000000461e-02
7.488599999999999424e-02
7.483499999999999874e-02
7.478400000000000325e-02
7.473499999999999588e-02
7.468500000000000139e-02
7.463699999999999501e-02
7.458900000000000252e-02
7.454199999999999715e-02
7.449500000000000566e-02
7.445000000000000229e-02
7.440399999999999792e-02
7.435999999999999555e-02
7.431500000000000605e-02
7.427300000000000568e-02
7.422900000000000331e-02
7.418800000000000394e-02
7.414600000000000357e-02
7.410600000000000520e-02
7.406500000000000583e-02
7.402599999999999458e-02
7.398699999999999721e-02
7.394900000000000084e-02
7.391100000000000447e-02
7.387399999999999523e-02
7.383699999999999986e-02
7.380100000000000549e-02
7.376599999999999824e-02
7.373100000000000487e-02
7.369699999999999862e-02
7.366399999999999337e-02
7.363000000000000100e-02
7.359799999999999676e-02
7.356600000000000639e-02
7.353500000000000314e-02
7.350299999999999889e-02
7.347299999999999665e-02
7.344299999999999440e-02
7.341399999999999315e-02
7.338500000000000578e-02
7.335700000000000554e-02
7.332800000000000429e-02
7.330100000000000504e-02
7.327400000000000579e-02
7.324799999999999367e-02
7.322099999999999442e-02
7.319599999999999718e-02
7.316999999999999893e-02
7.314600000000000268e-02
7.312100000000000544e-02
7.309699999999999531e-02
7.307299999999999907e-02
7.305000000000000382e-02
7.302599999999999369e-02
7.300399999999999945e-02
7.298100000000000420e-02
7.295999999999999708e-02
7.293800000000000283e-02
7.291699999999999571e-02
7.289500000000000146e-02
7.287399999999999434e-02
7.285300000000000109e-02
7.283299999999999497e-02
7.281300000000000272e-02
7.279299999999999660e-02
7.277300000000000435e-02
7.275399999999999923e-02
7.273399999999999310e-02
7.271500000000000186e-02
7.269499999999999573e-02
7.267700000000000549e-02
7.265699999999999936e-02
7.263899999999999524e-02
7.262000000000000399e-02
7.260199999999999987e-02
7.258299999999999474e-02
7.256500000000000450e-02
7.254599999999999937e-02
7.252799999999999525e-02
7.250900000000000400e-02
7.249099999999999988e-02
7.247199999999999476e-02
7.245400000000000451e-02
7.243600000000000039e-02
7.241799999999999626e-02
7.239900000000000502e-02
7.237999999999999989e-02
7.236099999999999477e-02
7.234300000000000452e-02
7.232299999999999840e-02
7.230499999999999428e-02
7.228500000000000203e-02
7.226599999999999691e-02
7.224600000000000466e-02
7.222699999999999954e-02
7.220699999999999341e-02
7.218700000000000117e-02
7.216699999999999504e-02
7.214700000000000280e-02
7.212499999999999467e-02
7.210500000000000242e-02
7.208299999999999430e-02
7.206200000000000105e-02
7.204000000000000681e-02
7.201899999999999968e-02
7.199600000000000444e-02
7.197399999999999631e-02
7.195000000000000007e-02
7.192700000000000482e-02
7.190299999999999470e-02
7.187999999999999945e-02
7.185500000000000220e-02
7.183100000000000596e-02
7.180499999999999383e-02
7.177999999999999658e-02
7.175399999999999834e-02
7.172800000000000009e-02
7.170100000000000084e-02
7.167400000000000160e-02
7.164600000000000135e-02
7.161900000000000210e-02
7.159000000000000086e-02
7.156099999999999961e-02
7.153199999999999836e-02
7.150199999999999612e-02
7.147100000000000675e-02
7.144100000000000450e-02
7.140900000000000025e-02
7.137799999999999701e-02
7.134500000000000564e-02
7.131300000000000139e-02
7.127899999999999514e-02
7.124600000000000377e-02
7.121099999999999652e-02
7.117600000000000315e-02
7.113999999999999491e-02
7.110500000000000154e-02
7.106700000000000517e-02
7.103099999999999692e-02
7.099199999999999955e-02
7.095500000000000418e-02
7.091500000000000581e-02
7.087599999999999456e-02
7.083599999999999619e-02
7.079599999999999782e-02
7.075399999999999745e-02
7.071199999999999708e-02
7.066999999999999671e-02
7.062699999999999534e-02
7.058300000000000685e-02
7.053900000000000448e-02
7.049400000000000110e-02
7.044899999999999773e-02
7.040200000000000624e-02
7.035600000000000187e-02
7.030899999999999650e-02
7.026100000000000401e-02
7.021299999999999764e-02
7.016400000000000414e-02
7.011399999999999577e-02
7.006400000000000128e-02
7.001300000000000578e-02
6.996199999999999641e-02
6.990999999999999992e-02
6.985800000000000343e-02
6.980400000000000493e-02
6.975099999999999356e-02
6.969599999999999407e-02
6.964099999999999457e-02
6.958499999999999408e-02
6.952999999999999459e-02
6.947299999999999309e-02
6.941600000000000548e-02
6.935800000000000298e-02
6.930000000000000049e-02
6.923999999999999599e-02
6.918100000000000638e-02
6.912100000000000188e-02
6.906099999999999739e-02
6.899900000000000477e-02
6.893799999999999928e-02
6.887500000000000566e-02
6.881299999999999917e-02
6.874900000000000455e-02
6.868599999999999706e-02
6.862100000000000144e-02
6.855700000000000682e-02
6.849099999999999633e-02
6.842600000000000071e-02
6.835900000000000309e-02
6.829300000000000648e-02
6.822499999999999398e-02
6.815799999999999637e-02
6.808899999999999675e-02
6.802099999999999813e-02
6.795099999999999751e-02
6.788199999999999790e-02
6.781199999999999728e-02
6.774199999999999666e-02
6.767099999999999504e-02
6.759999999999999343e-02
6.752800000000000469e-02
6.745700000000000307e-02
6.738399999999999945e-02
6.731099999999999584e-02
6.723800000000000610e-02
6.716500000000000248e-02
6.709099999999999786e-02
6.701699999999999324e-02
6.694200000000000150e-02
6.686799999999999689e-02
6.679200000000000415e-02
6.671699999999999853e-02
6.664100000000000579e-02
6.656600000000000017e-02
6.648900000000000643e-02
6.641299999999999981e-02
6.633600000000000607e-02
6.625999999999999945e-02
6.618200000000000471e-02
6.610499999999999710e-02
6.602700000000000236e-02
6.594999999999999474e-02
6.587099999999999900e-02
6.579300000000000426e-02
6.571499999999999564e-02
6.563700000000000090e-02
6.555700000000000416e-02
6.547899999999999554e-02
6.539999999999999980e-02
6.532100000000000406e-02
6.524199999999999444e-02
6.516299999999999870e-02
6.508300000000000196e-02
6.500400000000000622e-02
6.492399999999999560e-02
6.484499999999999986e-02
6.476500000000000312e-02
6.468599999999999350e-02
6.460599999999999676e-02
6.452700000000000102e-02
6.444700000000000428e-02
6.436799999999999466e-02
6.428799999999999792e-02
6.420900000000000218e-02
6.412800000000000444e-02
6.404899999999999483e-02
6.396899999999999809e-02
6.389100000000000334e-02
6.381100000000000660e-02
6.373199999999999699e-02
6.365200000000000025e-02
6.357400000000000551e-02
6.349399999999999489e-02
6.341600000000000015e-02
6.333700000000000441e-02
6.325899999999999579e-02
6.318000000000000005e-02
6.310200000000000531e-02
6.302299999999999569e-02
6.294600000000000195e-02
6.286700000000000621e-02
6.278999999999999859e-02
6.271200000000000385e-02
6.263599999999999723e-02
6.255800000000000249e-02
6.248200000000000282e-02
6.240500000000000214e-02
6.232900000000000246e-02
6.225300000000000278e-02
6.217700000000000310e-02
6.210100000000000342e-02
6.202599999999999780e-02
6.195099999999999912e-02
6.187700000000000145e-02
6.180200000000000277e-02
6.172799999999999815e-02
6.165299999999999947e-02
6.158099999999999685e-02
6.150699999999999917e-02
6.143400000000000249e-02
6.136099999999999888e-02
6.128900000000000320e-02
6.121700000000000058e-02
6.114599999999999896e-02
6.107400000000000329e-02
6.100400000000000267e-02
6.093200000000000005e-02
6.086300000000000043e-02
6.079199999999999882e-02
6.072299999999999920e-02
6.065399999999999958e-02
6.058499999999999996e-02
6.051600000000000035e-02
6.044900000000000273e-02
6.038099999999999717e-02
6.031399999999999956e-02
6.024700000000000194e-02
6.018099999999999838e-02
6.011400000000000077e-02
6.004899999999999821e-02
5.998300000000000159e-02
5.991900000000000004e-02
5.985399999999999748e-02
5.979099999999999693e-02
5.972700000000000231e-02
5.966400000000000176e-02
5.960100000000000120e-02
5.953900000000000164e-02
5.947600000000000109e-02
5.941500000000000253e-02
5.935399999999999704e-02
5.929299999999999848e-02
5.923199999999999993e-02
5.917300000000000337e-02
5.911299999999999888e-02
5.905500000000000332e-02
5.899499999999999883e-02
5.893799999999999734e-02
5.887900000000000078e-02
5.882300000000000029e-02
5.876499999999999779e-02
5.870899999999999730e-02
5.865200000000000274e-02
5.859700000000000325e-02
5.854100000000000276e-02
5.848699999999999732e-02
5.843099999999999683e-02
5.837799999999999934e-02
5.832299999999999984e-02
5.827100000000000335e-02
5.821699999999999792e-02
5.816500000000000142e-02
5.811199999999999699e-02
5.806100000000000150e-02
5.800899999999999807e-02
5.795899999999999663e-02
5.790700000000000014e-02
5.785799999999999971e-02
5.780699999999999728e-02
5.775799999999999684e-02
5.770800000000000235e-02
5.766000000000000292e-02
5.761100000000000249e-02
5.756300000000000305e-02
5.751499999999999668e-02
5.746799999999999825e-02
5.741999999999999882e-02
5.737400000000000139e-02
5.732700000000000295e-02
5.728099999999999858e-02
5.723500000000000115e-02
5.718999999999999778e-02
5.714400000000000035e-02
5.709999999999999798e-02
5.705400000000000055e-02
5.701099999999999918e-02
5.696600000000000275e-02
5.692300000000000137e-02
5.687799999999999800e-02
5.683599999999999763e-02
5.679200000000000220e-02
5.675000000000000183e-02
5.670700000000000046e-02
5.666500000000000009e-02
5.662299999999999972e-02
5.658099999999999935e-02
5.653899999999999898e-02
5.649799999999999961e-02
5.645599999999999924e-02
5.641600000000000087e-02
5.637500000000000150e-02
5.633500000000000313e-02
5.629399999999999682e-02
5.625399999999999845e-02
5.621299999999999908e-02
5.617400000000000171e-02
5.613300000000000234e-02
5.609499999999999903e-02
5.605399999999999966e-02
5.601600000000000329e-02
5.597599999999999798e-02
5.593700000000000061e-02
5.589800000000000324e-02
5.585899999999999893e-02
5.582000000000000156e-02
5.578199999999999825e-02
5.574199999999999988e-02
5.570499999999999757e-02
5.566499999999999920e-02
5.562799999999999689e-02
5.558799999999999852e-02
5.555100000000000315e-02
5.551199999999999884e-02
5.547400000000000247e-02
5.543499999999999817e-02
5.539800000000000280e-02
5.535899999999999849e-02
5.532100000000000212e-02
5.528299999999999881e-02
5.524500000000000244e-02
5.520599999999999813e-02
5.516900000000000276e-02
5.512999999999999845e-02
5.509200000000000208e-02
5.505299999999999777e-02
5.501600000000000240e-02
5.497599999999999709e-02
5.493900000000000172e-02
5.489900000000000335e-02
5.486200000000000104e-02
5.482200000000000267e-02
5.478399999999999936e-02
5.474500000000000199e-02
5.470599999999999768e-02
5.466700000000000031e-02
5.462800000000000294e-02
5.458799999999999764e-02
5.455000000000000127e-02
5.450900000000000190e-02
5.447099999999999859e-02
5.442999999999999922e-02
5.439100000000000185e-02
5.435000000000000248e-02
5.431099999999999817e-02
5.426999999999999880e-02
5.423000000000000043e-02
5.418900000000000106e-02
5.414900000000000269e-02
5.410700000000000232e-02
5.406699999999999701e-02
5.402400000000000257e-02
5.398399999999999727e-02
5.394100000000000283e-02
5.390000000000000346e-02
5.385700000000000209e-02
5.381600000000000272e-02
5.377200000000000035e-02
5.372999999999999998e-02
5.368699999999999861e-02
5.364399999999999724e-02
5.360000000000000181e-02
5.355700000000000044e-02
5.351299999999999807e-02
5.346999999999999670e-02
5.342399999999999927e-02
5.338099999999999790e-02
5.333500000000000046e-02
5.329099999999999809e-02
5.324500000000000066e-02
5.319999999999999729e-02
5.315399999999999986e-02
5.310900000000000343e-02
5.306199999999999806e-02
5.301600000000000062e-02
5.296800000000000119e-02
5.292199999999999682e-02
5.287399999999999739e-02
5.282699999999999896e-02
5.277899999999999953e-02
5.273200000000000109e-02
5.268300000000000066e-02
5.263500000000000123e-02
5.258499999999999980e-02
5.253700000000000037e-02
5.248699999999999893e-02
5.243799999999999850e-02
5.238700000000000301e-02
5.233800000000000258e-02
5.228700000000000014e-02
5.223699999999999871e-02
5.218500000000000222e-02
5.213500000000000079e-02
5.208299999999999735e-02
5.203200000000000186e-02
5.197899999999999743e-02
5.192800000000000193e-02
5.187400000000000344e-02
5.182300000000000101e-02
5.176900000000000251e-02
5.171599999999999808e-02
5.166199999999999959e-02
5.160900000000000210e-02
5.155400000000000260e-02
5.150099999999999817e-02
5.144499999999999768e-02
5.139099999999999918e-02
5.133599999999999969e-02
5.128100000000000019e-02
5.122499999999999970e-02
5.117000000000000021e-02
5.111299999999999871e-02
5.105799999999999922e-02
5.099999999999999672e-02
5.094400000000000317e-02
5.088700000000000168e-02
5.083000000000000018e-02
5.077199999999999769e-02
5.071500000000000313e-02
5.065700000000000064e-02
5.059999999999999915e-02
5.054100000000000259e-02
5.048300000000000010e-02
5.042300000000000254e-02
5.036500000000000005e-02
5.030599999999999655e-02
5.024700000000000000e-02
5.018700000000000244e-02
5.012799999999999895e-02
5.006800000000000139e-02
5.000799999999999690e-02
4.994699999999999834e-02
4.988800000000000179e-02
4.982700000000000323e-02
4.976699999999999874e-02
4.970499999999999918e-02
4.964500000000000163e-02
4.958300000000000207e-02
4.952299999999999758e-02
4.946099999999999802e-02
4.939999999999999947e-02
4.933799999999999991e-02
4.927700000000000136e-02
4.921400000000000080e-02
4.915300000000000225e-02
4.909000000000000169e-02
4.902800000000000213e-02
4.896500000000000158e-02
4.890400000000000302e-02
4.884000000000000147e-02
4.877900000000000291e-02
4.871500000000000136e-02
4.865300000000000180e-02
4.858900000000000025e-02
4.852700000000000069e-02
4.846400000000000013e-02
4.840099999999999958e-02
4.833699999999999802e-02
4.827499999999999847e-02
4.821099999999999691e-02
4.814899999999999736e-02
4.808500000000000274e-02
4.802200000000000218e-02
4.795800000000000063e-02
4.789500000000000007e-02
4.783099999999999852e-02
4.776899999999999896e-02
4.770400000000000335e-02
4.764199999999999685e-02
4.757800000000000223e-02
4.751500000000000168e-02
4.745100000000000012e-02
4.738799999999999957e-02
4.732399999999999801e-02
4.726199999999999846e-02
4.719799999999999690e-02
4.713500000000000328e-02
4.707100000000000173e-02
4.700900000000000217e-02
4.694500000000000062e-02
4.688300000000000106e-02
4.681899999999999951e-02
4.675699999999999995e-02
4.669299999999999840e-02
4.663099999999999884e-02
4.656699999999999728e-02
4.650599999999999873e-02
4.644199999999999717e-02
4.638099999999999862e-02
4.631699999999999706e-02
4.625599999999999851e-02
4.619299999999999795e-02
4.613199999999999940e-02
4.606899999999999884e-02
4.600800000000000028e-02
4.594499999999999973e-02
4.588500000000000217e-02
4.582200000000000162e-02
4.576199999999999712e-02
4.569999999999999757e-02
4.563899999999999901e-02
4.557800000000000046e-02
4.551800000000000290e-02
4.545600000000000335e-02
4.539599999999999885e-02
4.533500000000000030e-02
4.527599999999999680e-02
4.521499999999999825e-02
4.515600000000000169e-02
4.509500000000000314e-02
4.503700000000000064e-02
4.497600000000000209e-02
4.491799999999999959e-02
4.485800000000000204e-02
4.479999999999999954e-02
4.474100000000000299e-02
4.468300000000000050e-02
4.462399999999999700e-02
4.456700000000000245e-02
4.450799999999999895e-02
4.445099999999999746e-02
4.439300000000000190e-02
4.433600000000000041e-02
4.427799999999999792e-02
4.422199999999999742e-02
4.416500000000000287e-02
4.410900000000000237e-02
4.405200000000000088e-02
4.399700000000000139e-02
4.393999999999999989e-02
4.388500000000000040e-02
4.382899999999999990e-02
4.377400000000000041e-02
4.371799999999999992e-02
4.366400000000000142e-02
4.360900000000000193e-02
4.355500000000000344e-02
4.349999999999999700e-02
4.344699999999999951e-02
4.339300000000000102e-02
4.333999999999999658e-02
4.328599999999999809e-02
4.323400000000000160e-02
4.318000000000000310e-02
4.312799999999999967e-02
4.307500000000000218e-02
4.302299999999999874e-02
4.297000000000000125e-02
4.291999999999999982e-02
4.286700000000000232e-02
4.281700000000000089e-02
4.276499999999999746e-02
4.271500000000000297e-02
4.266299999999999953e-02
4.261399999999999910e-02
4.256299999999999667e-02
4.251400000000000318e-02
4.246300000000000074e-02
4.241400000000000031e-02
4.236399999999999888e-02
4.231599999999999945e-02
4.226599999999999802e-02
4.221799999999999858e-02
4.216899999999999815e-02
4.212099999999999872e-02
4.207199999999999829e-02
4.202499999999999986e-02
4.197700000000000042e-02
4.193000000000000199e-02
4.188200000000000256e-02
4.183599999999999819e-02
4.178799999999999876e-02
4.174300000000000233e-02
4.169500000000000289e-02
4.164999999999999952e-02
4.160300000000000109e-02
4.155799999999999772e-02
4.151099999999999929e-02
4.146699999999999692e-02
4.141999999999999849e-02
4.137600000000000305e-02
4.132999999999999868e-02
4.128699999999999731e-02
4.124099999999999988e-02
4.119799999999999851e-02
4.115200000000000108e-02
4.110899999999999971e-02
4.106400000000000328e-02
4.102200000000000291e-02
4.097699999999999954e-02
4.093499999999999917e-02
4.089000000000000273e-02
4.084800000000000236e-02
4.080399999999999999e-02
4.076199999999999962e-02
4.071899999999999825e-02
4.067699999999999788e-02
4.063400000000000345e-02
4.059200000000000308e-02
4.054900000000000171e-02
4.050800000000000234e-02
4.046500000000000097e-02
4.042500000000000260e-02
4.038200000000000123e-02
4.034100000000000186e-02
4.029900000000000149e-02
4.025900000000000312e-02
4.021700000000000275e-02
4.017600000000000338e-02
4.013400000000000301e-02
4.009499999999999870e-02
4.005299999999999833e-02
4.001299999999999996e-02
3.997200000000000059e-02
3.993200000000000222e-02
3.989100000000000285e-02
3.985099999999999754e-02
3.980999999999999817e-02
3.977100000000000080e-02
3.973000000000000143e-02
3.969099999999999712e-02
3.964999999999999775e-02
3.961100000000000038e-02
3.957000000000000101e-02
3.953099999999999670e-02
3.948999999999999733e-02
3.945200000000000096e-02
3.941100000000000159e-02
3.937199999999999728e-02
3.933199999999999891e-02
3.929300000000000154e-02
3.925300000000000317e-02
3.921399999999999886e-02
3.917400000000000049e-02
3.913500000000000312e-02
3.909499999999999781e-02
3.905700000000000144e-02
3.901600000000000207e-02
3.897799999999999876e-02
3.893800000000000039e-02
3.889900000000000302e-02
3.885899999999999771e-02
3.882100000000000134e-02
3.878000000000000197e-02
3.874199999999999866e-02
3.870200000000000029e-02
3.866300000000000292e-02
3.862299999999999761e-02
3.858500000000000124e-02
3.854400000000000187e-02
3.850599999999999856e-02
3.846499999999999919e-02
3.842700000000000282e-02
3.838600000000000345e-02
3.834800000000000014e-02
3.830700000000000077e-02
3.826899999999999746e-02
3.822799999999999809e-02
3.819000000000000172e-02
3.814900000000000235e-02
3.810999999999999804e-02
3.806899999999999867e-02
3.803100000000000230e-02
3.799000000000000293e-02
3.795099999999999862e-02
3.790999999999999925e-02
3.787100000000000188e-02
3.783000000000000251e-02
3.779099999999999820e-02
3.774899999999999783e-02
3.771000000000000046e-02
3.766900000000000109e-02
3.762900000000000272e-02
3.758800000000000335e-02
3.754799999999999804e-02
3.750699999999999867e-02
3.746700000000000030e-02
3.742499999999999993e-02
3.738500000000000156e-02
3.734300000000000119e-02
3.730399999999999688e-02
3.726100000000000245e-02
3.722099999999999714e-02
3.717899999999999677e-02
3.713899999999999840e-02
3.709599999999999703e-02
3.705599999999999866e-02
3.701299999999999729e-02
3.697299999999999892e-02
3.692999999999999755e-02
3.688899999999999818e-02
3.684599999999999681e-02
3.680499999999999744e-02
3.676200000000000301e-02
3.672099999999999670e-02
3.667800000000000227e-02
3.663700000000000290e-02
3.659300000000000053e-02
3.655200000000000116e-02
3.650799999999999879e-02
3.646599999999999842e-02
3.642299999999999705e-02
3.638099999999999667e-02
3.633700000000000124e-02
3.629500000000000087e-02
3.625099999999999850e-02
3.620799999999999713e-02
3.616400000000000170e-02
3.612200000000000133e-02
3.607699999999999796e-02
3.603499999999999759e-02
3.599000000000000116e-02
3.594699999999999979e-02
3.590200000000000335e-02
3.585900000000000198e-02
3.581399999999999861e-02
3.577099999999999724e-02
3.572600000000000081e-02
3.568299999999999944e-02
3.563700000000000201e-02
3.559400000000000064e-02
3.554800000000000321e-02
3.550500000000000184e-02
3.545899999999999747e-02
3.541600000000000303e-02
3.536999999999999866e-02
3.532600000000000323e-02
3.527999999999999886e-02
3.523600000000000343e-02
3.518899999999999806e-02
3.514500000000000263e-02
3.509899999999999826e-02
3.505500000000000282e-02
3.500799999999999745e-02
3.496400000000000202e-02
3.491699999999999665e-02
3.487300000000000122e-02
3.482600000000000279e-02
3.478099999999999942e-02
3.473400000000000098e-02
3.468899999999999761e-02
3.464199999999999918e-02
3.459799999999999681e-02
3.454999999999999738e-02
3.450600000000000195e-02
3.445800000000000252e-02
3.441299999999999915e-02
3.436600000000000071e-02
3.432099999999999734e-02
3.427299999999999791e-02
3.422800000000000148e-02
3.418000000000000205e-02
3.413499999999999868e-02
3.408800000000000024e-02
3.404200000000000281e-02
3.399499999999999744e-02
3.394900000000000001e-02
3.390100000000000058e-02
3.385599999999999721e-02
3.380799999999999778e-02
3.376300000000000134e-02
3.371500000000000191e-02
3.366899999999999754e-02
3.362099999999999811e-02
3.357600000000000168e-02
3.352800000000000225e-02
3.348199999999999787e-02
3.343399999999999844e-02
3.338900000000000201e-02
3.334100000000000258e-02
3.329499999999999821e-02
3.324699999999999878e-02
3.320200000000000234e-02
3.315400000000000291e-02
3.310799999999999854e-02
3.305999999999999911e-02
3.301500000000000268e-02
3.296700000000000325e-02
3.292099999999999888e-02
3.287299999999999944e-02
3.282800000000000301e-02
3.277999999999999664e-02
3.273500000000000021e-02
3.268700000000000078e-02
3.264199999999999741e-02
3.259399999999999797e-02
3.254900000000000154e-02
3.250100000000000211e-02
3.245599999999999874e-02
3.240799999999999931e-02
3.236300000000000288e-02
3.231500000000000344e-02
3.227000000000000007e-02
3.222300000000000164e-02
3.217799999999999827e-02
3.212999999999999884e-02
3.208600000000000341e-02
3.203799999999999704e-02
3.199400000000000160e-02
3.194600000000000217e-02
3.190199999999999980e-02
3.185500000000000137e-02
3.180999999999999800e-02
3.176299999999999957e-02
3.171899999999999720e-02
3.167199999999999876e-02
3.162800000000000333e-02
3.158099999999999796e-02
3.153700000000000253e-02
3.149099999999999816e-02
3.144700000000000273e-02
3.139999999999999736e-02
3.135700000000000293e-02
3.130999999999999756e-02
3.126700000000000312e-02
3.122099999999999875e-02
3.117699999999999985e-02
3.113099999999999895e-02
3.108800000000000105e-02
3.104200000000000015e-02
3.099899999999999878e-02
3.095399999999999888e-02
3.091100000000000098e-02
3.086600000000000107e-02
3.082299999999999970e-02
3.077799999999999980e-02
3.073499999999999843e-02
3.068999999999999853e-02
3.064800000000000163e-02
3.060300000000000173e-02
3.056100000000000136e-02
3.051699999999999899e-02
3.047499999999999862e-02
3.043099999999999972e-02
3.038899999999999935e-02
3.034500000000000045e-02
3.030300000000000007e-02
3.025900000000000117e-02
3.021799999999999833e-02
3.017500000000000043e-02
3.013400000000000106e-02
3.008999999999999869e-02
3.004899999999999932e-02
3.000600000000000142e-02
2.996599999999999958e-02
2.992300000000000168e-02
2.988199999999999884e-02
2.983900000000000094e-02
2.979899999999999910e-02
2.975699999999999873e-02
2.971700000000000036e-02
2.967499999999999999e-02
2.963500000000000162e-02
2.959300000000000125e-02
2.955400000000000041e-02
2.951200000000000004e-02
2.947299999999999920e-02
2.943099999999999883e-02
2.939200000000000146e-02
2.935099999999999862e-02
2.931200000000000125e-02
2.927099999999999841e-02
2.923299999999999857e-02
2.919199999999999920e-02
2.915299999999999836e-02
2.911299999999999999e-02
2.907500000000000015e-02
2.903400000000000078e-02
2.899699999999999847e-02
2.895700000000000010e-02
2.891900000000000026e-02
2.887899999999999842e-02
2.884199999999999958e-02
2.880200000000000121e-02
2.876499999999999890e-02
2.872600000000000153e-02
2.868899999999999922e-02
2.864999999999999838e-02
2.861299999999999955e-02
2.857399999999999871e-02
2.853800000000000087e-02
2.849900000000000003e-02
2.846299999999999872e-02
2.842400000000000135e-02
2.838800000000000004e-02
2.835000000000000020e-02
2.831399999999999889e-02
2.827599999999999905e-02
2.824099999999999874e-02
2.820299999999999890e-02
2.816799999999999859e-02
2.812999999999999876e-02
2.809499999999999845e-02
2.805699999999999861e-02
2.802299999999999930e-02
2.798499999999999946e-02
2.795100000000000015e-02
2.791400000000000131e-02
2.787900000000000100e-02
2.784199999999999869e-02
2.780799999999999939e-02
2.777100000000000055e-02
2.773700000000000124e-02
2.770099999999999993e-02
2.766700000000000062e-02
2.763099999999999931e-02
2.759700000000000000e-02
2.756099999999999869e-02
2.752800000000000039e-02
2.749199999999999908e-02
2.745799999999999977e-02
2.742199999999999846e-02
2.738900000000000015e-02
2.735399999999999984e-02
2.732100000000000153e-02
2.728500000000000023e-02
2.725199999999999845e-02
2.721700000000000161e-02
2.718399999999999983e-02
2.714899999999999952e-02
2.711699999999999874e-02
2.708199999999999844e-02
2.704900000000000013e-02
2.701399999999999982e-02
2.698199999999999904e-02
2.694799999999999973e-02
2.691599999999999895e-02
2.688099999999999865e-02
2.684900000000000134e-02
2.681400000000000103e-02
2.678300000000000125e-02
2.674800000000000094e-02
2.671700000000000116e-02
2.668200000000000086e-02
2.665100000000000108e-02
2.661600000000000077e-02
2.658500000000000099e-02
2.655100000000000168e-02
2.651999999999999844e-02
2.648599999999999913e-02
2.645399999999999835e-02
2.641999999999999904e-02
2.638899999999999926e-02
2.635499999999999995e-02
2.632400000000000018e-02
2.629099999999999840e-02
2.625999999999999862e-02
2.622599999999999931e-02
2.619499999999999953e-02
2.616100000000000023e-02
2.613100000000000145e-02
2.609699999999999867e-02
2.606599999999999889e-02
2.603300000000000058e-02
2.600200000000000081e-02
2.596899999999999903e-02
2.593799999999999925e-02
2.590500000000000094e-02
2.587400000000000116e-02
2.584099999999999939e-02
2.580999999999999961e-02
2.577700000000000130e-02
2.574699999999999905e-02
2.571299999999999975e-02
2.568300000000000097e-02
2.564999999999999919e-02
2.561899999999999941e-02
2.558600000000000110e-02
2.555599999999999886e-02
2.552199999999999955e-02
2.549200000000000077e-02
2.545899999999999899e-02
2.542900000000000021e-02
2.539500000000000091e-02
2.536499999999999866e-02
2.533200000000000035e-02
2.530200000000000157e-02
2.526899999999999979e-02
2.523800000000000002e-02
2.520500000000000171e-02
2.517499999999999946e-02
2.514200000000000115e-02
2.511199999999999891e-02
2.507799999999999960e-02
2.504800000000000082e-02
2.501499999999999904e-02
2.498500000000000026e-02
2.495199999999999849e-02
2.492099999999999871e-02
2.488800000000000040e-02
2.485800000000000162e-02
2.482499999999999984e-02
2.479500000000000107e-02
2.476099999999999829e-02
2.473099999999999951e-02
2.469800000000000120e-02
2.466799999999999896e-02
2.463399999999999965e-02
2.460400000000000087e-02
2.457099999999999909e-02
2.454100000000000031e-02
2.450700000000000101e-02
2.447699999999999876e-02
2.444400000000000045e-02
2.441300000000000067e-02
2.437999999999999889e-02
2.435000000000000012e-02
2.431600000000000081e-02
2.428599999999999856e-02
2.425300000000000025e-02
2.422200000000000047e-02
2.418899999999999870e-02
2.415799999999999892e-02
2.412500000000000061e-02
2.409400000000000083e-02
2.406099999999999905e-02
2.402999999999999928e-02
2.399700000000000097e-02
2.396600000000000119e-02
2.393299999999999941e-02
2.390199999999999964e-02
2.386900000000000133e-02
2.383800000000000155e-02
2.380399999999999877e-02
2.377399999999999999e-02
2.374000000000000069e-02
2.370999999999999844e-02
2.367599999999999913e-02
2.364499999999999935e-02
2.361200000000000104e-02
2.358100000000000127e-02
2.354699999999999849e-02
2.351599999999999871e-02
2.348300000000000040e-02
2.345200000000000062e-02
2.341800000000000131e-02
2.338700000000000154e-02
2.335399999999999976e-02
2.332299999999999998e-02
2.328900000000000067e-02
2.325800000000000090e-02
2.322400000000000159e-02
2.319299999999999834e-02
2.316000000000000003e-02
2.312900000000000025e-02
2.309500000000000094e-02
2.306400000000000117e-02
2.302999999999999839e-02
2.299899999999999861e-02
2.296499999999999930e-02
2.293399999999999953e-02
2.290000000000000022e-02
2.286900000000000044e-02
2.283500000000000113e-02
2.280400000000000135e-02
2.276999999999999857e-02
2.273999999999999980e-02
2.270600000000000049e-02
2.267500000000000071e-02
2.264100000000000140e-02
2.261000000000000162e-02
2.257599999999999885e-02
2.254499999999999907e-02
2.251099999999999976e-02
2.247999999999999998e-02
2.244600000000000067e-02
2.241500000000000090e-02
2.238100000000000159e-02
2.234999999999999834e-02
2.231599999999999903e-02
2.228499999999999925e-02
2.225099999999999995e-02
2.222000000000000017e-02
2.218600000000000086e-02
2.215500000000000108e-02
2.212099999999999830e-02
2.208999999999999853e-02
2.205599999999999922e-02
2.202600000000000044e-02
2.199200000000000113e-02
2.196100000000000135e-02
2.192699999999999858e-02
2.189599999999999880e-02
2.186199999999999949e-02
2.183200000000000071e-02
2.179800000000000140e-02
2.176700000000000162e-02
2.173299999999999885e-02
2.170199999999999907e-02
2.166900000000000076e-02
2.163800000000000098e-02
2.160400000000000167e-02
2.157399999999999943e-02
2.154000000000000012e-02
2.150900000000000034e-02
2.147599999999999856e-02
2.144499999999999879e-02
2.141200000000000048e-02
2.138100000000000070e-02
2.134799999999999892e-02
2.131699999999999914e-02
2.128400000000000084e-02
2.125300000000000106e-02
2.121999999999999928e-02
2.119000000000000050e-02
2.115600000000000119e-02
2.112599999999999895e-02
2.109300000000000064e-02
2.106299999999999839e-02
2.102899999999999908e-02
2.099900000000000030e-02
2.096599999999999853e-02
2.093599999999999975e-02
2.090300000000000144e-02
2.087299999999999919e-02
2.084000000000000088e-02
2.080999999999999864e-02
2.077700000000000033e-02
2.074700000000000155e-02
2.071399999999999977e-02
2.068499999999999853e-02
2.065200000000000022e-02
2.062200000000000144e-02
2.059000000000000066e-02
2.055999999999999842e-02
2.052700000000000011e-02
2.049799999999999886e-02
2.046500000000000055e-02
2.043599999999999930e-02
2.040399999999999853e-02
2.037399999999999975e-02
2.034199999999999897e-02
2.031300000000000119e-02
2.028100000000000042e-02
2.025199999999999917e-02
2.021900000000000086e-02
2.019100000000000061e-02
2.015799999999999884e-02
2.012999999999999859e-02
2.009800000000000128e-02
2.006900000000000003e-02
2.003699999999999926e-02
2.000800000000000148e-02
1.997700000000000170e-02
1.994800000000000045e-02
1.991599999999999968e-02
1.988799999999999943e-02
1.985699999999999965e-02
1.982799999999999840e-02
1.979699999999999863e-02
1.976899999999999838e-02
1.973700000000000107e-02
1.970900000000000082e-02
1.967800000000000105e-02
1.965000000000000080e-02
1.961900000000000102e-02
1.959100000000000077e-02
1.956000000000000100e-02
1.953299999999999828e-02
1.950199999999999850e-02
1.947400000000000173e-02
1.944299999999999848e-02
1.941599999999999923e-02
1.938499999999999945e-02
1.935800000000000021e-02
1.932700000000000043e-02
1.930000000000000118e-02
1.926999999999999894e-02
1.924299999999999969e-02
1.921199999999999991e-02
1.918600000000000166e-02
1.915499999999999842e-02
1.912900000000000017e-02
1.909900000000000139e-02
1.907199999999999868e-02
1.904199999999999990e-02
1.901500000000000065e-02
1.898599999999999940e-02
1.895900000000000016e-02
1.892900000000000138e-02
1.890299999999999966e-02
1.887300000000000089e-02
1.884699999999999917e-02
1.881800000000000139e-02
1.879199999999999968e-02
1.876200000000000090e-02
1.873700000000000018e-02
1.870700000000000141e-02
1.868200000000000069e-02
1.865199999999999844e-02
1.862700000000000120e-02
1.859799999999999995e-02
1.857200000000000170e-02
1.854300000000000045e-02
1.851799999999999974e-02
1.848899999999999849e-02
1.846400000000000124e-02
1.843500000000000000e-02
1.840999999999999928e-02
1.838100000000000150e-02
1.835600000000000079e-02
1.832800000000000054e-02
1.830299999999999983e-02
1.827499999999999958e-02
1.824999999999999886e-02
1.822199999999999862e-02
1.819700000000000137e-02
1.816900000000000112e-02
1.814400000000000041e-02
1.811600000000000016e-02
1.809200000000000044e-02
1.806400000000000020e-02
1.803899999999999948e-02
1.801200000000000023e-02
1.798699999999999952e-02
1.796000000000000027e-02
1.793600000000000055e-02
1.790800000000000031e-02
1.788400000000000059e-02
1.785600000000000034e-02
1.783200000000000063e-02
1.780500000000000138e-02
1.778100000000000167e-02
1.775399999999999895e-02
1.772999999999999923e-02
1.770299999999999999e-02
1.767900000000000027e-02
1.765200000000000102e-02
1.762899999999999884e-02
1.760199999999999959e-02
1.757799999999999987e-02
1.755100000000000063e-02
1.752799999999999844e-02
1.750099999999999920e-02
1.747800000000000048e-02
1.745100000000000123e-02
1.742799999999999905e-02
1.740200000000000080e-02
1.737899999999999862e-02
1.735199999999999937e-02
1.732900000000000065e-02
1.730299999999999894e-02
1.728000000000000022e-02
1.725300000000000097e-02
1.722999999999999879e-02
1.720400000000000054e-02
1.718099999999999836e-02
1.715500000000000011e-02
1.713200000000000139e-02
1.710599999999999968e-02
1.708399999999999849e-02
1.705800000000000025e-02
1.703500000000000153e-02
1.700899999999999981e-02
1.698699999999999863e-02
1.696100000000000038e-02
1.693800000000000167e-02
1.691199999999999995e-02
1.688999999999999876e-02
1.686400000000000052e-02
1.684199999999999933e-02
1.681600000000000109e-02
1.679399999999999990e-02
1.676899999999999918e-02
1.674700000000000147e-02
1.672099999999999975e-02
1.669899999999999857e-02
1.667300000000000032e-02
1.665099999999999913e-02
1.662599999999999842e-02
1.660400000000000070e-02
1.657799999999999899e-02
1.655699999999999880e-02
1.653100000000000055e-02
1.650899999999999937e-02
1.648399999999999865e-02
1.646200000000000094e-02
1.643700000000000022e-02
1.641499999999999904e-02
1.638999999999999832e-02
1.636800000000000060e-02
1.634299999999999989e-02
1.632099999999999870e-02
1.629600000000000146e-02
1.627500000000000127e-02
1.624899999999999956e-02
1.622799999999999937e-02
1.620299999999999865e-02
1.618100000000000094e-02
1.615600000000000022e-02
1.613500000000000004e-02
1.610999999999999932e-02
1.608800000000000160e-02
1.606300000000000089e-02
1.604200000000000070e-02
1.601699999999999999e-02
1.599599999999999980e-02
1.597099999999999909e-02
1.594999999999999890e-02
1.592500000000000165e-02
1.590300000000000047e-02
1.587900000000000075e-02
1.585699999999999957e-02
1.583199999999999885e-02
1.581099999999999867e-02
1.578600000000000142e-02
1.576500000000000123e-02
1.574100000000000152e-02
1.571900000000000033e-02
1.569500000000000062e-02
1.567400000000000043e-02
1.564899999999999972e-02
1.562799999999999953e-02
1.560300000000000055e-02
1.558200000000000036e-02
1.555699999999999965e-02
1.553599999999999946e-02
1.551199999999999975e-02
1.549099999999999956e-02
1.546600000000000058e-02
1.544500000000000040e-02
1.541999999999999968e-02
1.540000000000000049e-02
1.537499999999999978e-02
1.535399999999999959e-02
1.532900000000000061e-02
1.530899999999999969e-02
1.528400000000000071e-02
1.526300000000000053e-02
1.523799999999999981e-02
1.521800000000000062e-02
1.519299999999999991e-02
1.517199999999999972e-02
1.514800000000000001e-02
1.512699999999999982e-02
1.510200000000000084e-02
1.508199999999999992e-02
1.505699999999999920e-02
1.503700000000000002e-02
1.501199999999999930e-02
1.499100000000000085e-02
1.496699999999999940e-02
1.494599999999999922e-02
1.492199999999999950e-02
1.490099999999999932e-02
1.487699999999999960e-02
1.485599999999999941e-02
1.483199999999999970e-02
1.481099999999999951e-02
1.478699999999999980e-02
1.476599999999999961e-02
1.474199999999999990e-02
1.472099999999999971e-02
1.469699999999999999e-02
1.467599999999999981e-02
1.465200000000000009e-02
1.463099999999999991e-02
1.460700000000000019e-02
1.458699999999999927e-02
1.456200000000000029e-02
1.454199999999999937e-02
1.451700000000000039e-02
1.449699999999999947e-02
1.447299999999999975e-02
1.445199999999999957e-02
1.442799999999999985e-02
1.440800000000000067e-02
1.438299999999999995e-02
1.436300000000000077e-02
1.433899999999999932e-02
1.431900000000000013e-02
1.429399999999999941e-02
1.427400000000000023e-02
1.425000000000000051e-02
1.422999999999999959e-02
1.420500000000000061e-02
1.418499999999999969e-02
1.416099999999999998e-02
1.414100000000000079e-02
1.411699999999999934e-02
1.409700000000000016e-02
1.407300000000000044e-02
1.405200000000000025e-02
1.402800000000000054e-02
1.400799999999999962e-02
1.398399999999999990e-02
1.396400000000000072e-02
1.393999999999999927e-02
1.392000000000000008e-02
1.389600000000000037e-02
1.387599999999999945e-02
1.385199999999999973e-02
1.383200000000000054e-02
1.380800000000000083e-02
1.378899999999999917e-02
1.376499999999999946e-02
1.374500000000000027e-02
1.372100000000000056e-02
1.370099999999999964e-02
1.367699999999999992e-02
1.365800000000000000e-02
1.363400000000000029e-02
1.361399999999999937e-02
1.358999999999999965e-02
1.357099999999999973e-02
1.354700000000000001e-02
1.352700000000000083e-02
1.350400000000000038e-02
1.348399999999999946e-02
1.345999999999999974e-02
1.344099999999999982e-02
1.341700000000000011e-02
1.339800000000000019e-02
1.337400000000000047e-02
1.335500000000000055e-02
1.333100000000000084e-02
1.331199999999999918e-02
1.328799999999999946e-02
1.326899999999999955e-02
1.324499999999999983e-02
1.322599999999999991e-02
1.320299999999999946e-02
1.318300000000000027e-02
1.315999999999999982e-02
1.314099999999999990e-02
1.311799999999999945e-02
1.309899999999999953e-02
1.307499999999999982e-02
1.305599999999999990e-02
1.303299999999999945e-02
1.301399999999999953e-02
1.299100000000000081e-02
1.297199999999999916e-02
1.294900000000000044e-02
1.293000000000000052e-02
1.290700000000000007e-02
1.288800000000000015e-02
1.286499999999999970e-02
1.284599999999999978e-02
1.282299999999999933e-02
1.280399999999999941e-02
1.278199999999999996e-02
1.276300000000000004e-02
1.273999999999999959e-02
1.272099999999999967e-02
1.269900000000000022e-02
1.268000000000000030e-02
1.265699999999999985e-02
1.263899999999999919e-02
1.261600000000000048e-02
1.259799999999999982e-02
1.257499999999999937e-02
1.255700000000000045e-02
1.253400000000000000e-02
1.251599999999999935e-02
1.249399999999999990e-02
1.247499999999999998e-02
1.245300000000000053e-02
1.243499999999999987e-02
1.241199999999999942e-02
1.239400000000000050e-02
1.237199999999999932e-02
1.235400000000000040e-02
1.233199999999999921e-02
1.231400000000000029e-02
1.229200000000000084e-02
1.227400000000000019e-02
1.225200000000000074e-02
1.223400000000000008e-02
1.221200000000000063e-02
1.219399999999999998e-02
1.217200000000000053e-02
1.215399999999999987e-02
1.213200000000000042e-02
1.211500000000000077e-02
1.209299999999999958e-02
1.207500000000000066e-02
1.205400000000000048e-02
1.203599999999999982e-02
1.201400000000000037e-02
1.199700000000000072e-02
1.197499999999999953e-02
1.195799999999999988e-02
1.193600000000000043e-02
1.191900000000000077e-02
1.189800000000000059e-02
1.187999999999999994e-02
1.185899999999999975e-02
1.184200000000000010e-02
1.182000000000000065e-02
1.180299999999999926e-02
1.178200000000000081e-02
1.176499999999999942e-02
1.174399999999999923e-02
1.172699999999999958e-02
1.170599999999999939e-02
1.168899999999999974e-02
1.166799999999999955e-02
1.165099999999999990e-02
1.162999999999999971e-02
1.161300000000000006e-02
1.159199999999999987e-02
1.157500000000000022e-02
1.155400000000000003e-02
1.153799999999999965e-02
1.151699999999999946e-02
1.150100000000000081e-02
1.148000000000000062e-02
